CP040881.1	CP040881.1	68.055	1753	484	14	738204	739918	743999	745713	0.0	643
CP040881.1	CP040881.1	72.170	1175	314	3	2965095	2966267	2966354	2967517	0.0	644
CP040881.1	CP040881.1	72.170	1175	314	3	2966354	2967517	2965095	2966267	0.0	644
CP040881.1	CP040881.1	68.263	1733	492	11	743975	745687	738918	740612	0.0	649
CP040881.1	CP040881.1	68.102	1765	507	10	741324	743060	743969	745705	0.0	651
CP040881.1	CP040881.1	72.563	1159	274	10	743969	745114	744590	745717	0.0	652
CP040881.1	CP040881.1	67.865	1808	494	15	743981	745713	738636	740431	0.0	653
CP040881.1	CP040881.1	68.412	1738	492	12	744009	745690	737258	738994	0.0	657
CP040881.1	CP040881.1	71.617	1286	361	4	1723563	1724846	1760527	1761810	0.0	660
CP040881.1	CP040881.1	71.617	1286	361	4	1760527	1761810	1723563	1724846	0.0	660
CP040881.1	CP040881.1	95.884	413	14	2	2530758	2531168	2538685	2539096	0.0	663
CP040881.1	CP040881.1	95.884	413	14	2	2538685	2539096	2530758	2531168	0.0	663
CP040881.1	CP040881.1	69.514	1604	449	12	2946412	2947995	2948528	2950111	0.0	671
CP040881.1	CP040881.1	69.514	1604	449	12	2948528	2950111	2946412	2947995	0.0	671
CP040881.1	CP040881.1	68.807	1635	429	11	737276	738892	741587	743158	0.0	673
CP040881.1	CP040881.1	73.985	1084	280	2	2217357	2218439	3620293	3621375	0.0	677
CP040881.1	CP040881.1	73.985	1084	280	2	3620293	3621375	2217357	2218439	0.0	677
CP040881.1	CP040881.1	71.357	1400	389	11	1902833	1904226	1911295	1912688	0.0	679
CP040881.1	CP040881.1	71.357	1400	389	11	1911295	1912688	1902833	1904226	0.0	679
CP040881.1	CP040881.1	68.377	1774	487	12	743981	745717	740985	742721	0.0	683
CP040881.1	CP040881.1	68.931	1722	485	9	737286	738977	741471	743172	0.0	699
CP040881.1	CP040881.1	72.546	1304	346	5	3676329	3677626	3690193	3691490	0.0	727
CP040881.1	CP040881.1	72.546	1304	346	5	3690193	3691490	3676329	3677626	0.0	727
CP040881.1	CP040881.1	72.686	1318	344	8	1734507	1735819	1747862	1749168	0.0	733
CP040881.1	CP040881.1	72.686	1318	344	8	1747862	1749168	1734507	1735819	0.0	733
CP040881.1	CP040881.1	81.242	773	145	0	1227683	1228455	1228007	1228779	0.0	741
CP040881.1	CP040881.1	81.242	773	145	0	1228007	1228779	1227683	1228455	0.0	741
CP040881.1	CP040881.1	72.851	1326	350	7	1734497	1735817	2330152	2328832	0.0	746
CP040881.1	CP040881.1	72.851	1326	350	7	2328832	2330152	1735817	1734497	0.0	746
CP040881.1	CP040881.1	64.769	4391	1392	72	1888348	1892662	1899992	1904303	0.0	760
CP040881.1	CP040881.1	64.769	4391	1392	72	1899992	1904303	1888348	1892662	0.0	760
CP040881.1	CP040881.1	72.626	1348	299	10	743975	745293	744416	745722	0.0	786
CP040881.1	CP040881.1	72.969	1428	356	11	1764940	1766352	1769368	1770780	0.0	813
CP040881.1	CP040881.1	72.969	1428	356	11	1769368	1770780	1764940	1766352	0.0	813
CP040881.1	CP040881.1	91.447	608	51	1	456105	456711	460107	460714	0.0	859
CP040881.1	CP040881.1	91.447	608	51	1	460107	460714	456105	456711	0.0	859
CP040881.1	CP040881.1	68.669	2247	587	14	737286	739478	740967	743150	0.0	921
CP040881.1	CP040881.1	68.816	2373	621	17	737286	739612	740868	743167	0.0	975
CP040881.1	CP040881.1	68.620	2508	670	17	737285	739729	740714	743167	0.0	1004
CP040881.1	CP040881.1	68.645	2561	713	12	737286	739783	740634	743167	0.0	1026
CP040881.1	CP040881.1	68.611	2657	699	18	737271	739873	740583	743158	0.0	1073
CP040881.1	CP040881.1	85.546	1017	147	0	1227763	1228779	1227682	1228698	0.0	1172
CP040881.1	CP040881.1	96.076	739	28	1	692819	693557	1152227	1152964	0.0	1199
CP040881.1	CP040881.1	96.076	739	28	1	1152227	1152964	692819	693557	0.0	1199
CP040881.1	CP040881.1	68.445	3242	840	26	740002	743168	737254	740387	0.0	1283
CP040881.1	CP040881.1	82.530	2324	355	23	2018409	2020709	2099733	2102028	0.0	2304
CP040881.1	CP040881.1	82.530	2324	355	23	2099733	2102028	2018409	2020709	0.0	2304
CP040881.1	CP040881.1	74.059	4279	1011	42	3219291	3223534	3223584	3227798	0.0	2613
CP040881.1	CP040881.1	74.059	4279	1011	42	3223584	3227798	3219291	3223534	0.0	2613
CP040881.1	CP040881.1	96.313	1763	53	1	1953076	1954838	1963834	1965584	0.0	2893
CP040881.1	CP040881.1	96.313	1763	53	1	1963834	1965584	1953076	1954838	0.0	2893
CP040881.1	CP040881.1	96.999	1766	53	0	1953073	1954838	1979225	1980990	0.0	2947
CP040881.1	CP040881.1	96.999	1766	53	0	1979225	1980990	1953073	1954838	0.0	2947
CP040881.1	CP040881.1	99.592	1714	7	0	9261	10974	2927217	2925504	0.0	3060
CP040881.1	CP040881.1	99.592	1714	7	0	2925504	2927217	10974	9261	0.0	3060
CP040881.1	CP040881.1	99.479	1728	7	2	9261	10986	161447	163174	0.0	3069
CP040881.1	CP040881.1	99.479	1728	7	2	161447	163174	9261	10986	0.0	3069
CP040881.1	CP040881.1	99.479	1727	8	1	30998	32723	587167	588893	0.0	3071
CP040881.1	CP040881.1	99.479	1727	8	1	587167	588893	30998	32723	0.0	3071
CP040881.1	CP040881.1	99.594	1725	6	1	587162	588886	856585	858308	0.0	3076
CP040881.1	CP040881.1	99.594	1725	6	1	856585	858308	587162	588886	0.0	3076
CP040881.1	CP040881.1	99.368	1740	7	3	30987	32723	96846	98584	0.0	3079
CP040881.1	CP040881.1	99.368	1740	7	3	96846	98584	30987	32723	0.0	3079
CP040881.1	CP040881.1	99.652	1725	5	1	96854	98577	2927222	2925498	0.0	3081
CP040881.1	CP040881.1	98.112	1801	30	4	9188	10986	90961	92759	0.0	3081
CP040881.1	CP040881.1	98.112	1801	30	4	90961	92759	9188	10986	0.0	3081
CP040881.1	CP040881.1	99.369	1743	8	3	30970	32711	856562	858302	0.0	3084
CP040881.1	CP040881.1	99.369	1743	8	3	856562	858302	30970	32711	0.0	3084
CP040881.1	CP040881.1	98.925	1767	13	5	9223	10986	96821	98584	0.0	3085
CP040881.1	CP040881.1	98.976	1758	17	1	9217	10974	856546	858302	0.0	3086
CP040881.1	CP040881.1	99.710	1727	4	1	9261	10986	167390	169116	0.0	3089
CP040881.1	CP040881.1	99.768	1726	4	0	587161	588886	2927223	2925498	0.0	3095
CP040881.1	CP040881.1	97.155	1863	42	8	161312	163167	856450	858308	0.0	3095
CP040881.1	CP040881.1	99.768	1726	4	0	2925498	2927223	588886	587161	0.0	3095
CP040881.1	CP040881.1	97.155	1863	42	8	856450	858308	161312	163167	0.0	3095
CP040881.1	CP040881.1	97.091	1856	38	5	30867	32711	2927354	2925504	0.0	3096
CP040881.1	CP040881.1	97.091	1856	38	5	2925504	2927354	32711	30867	0.0	3096
CP040881.1	CP040881.1	96.472	1899	47	9	90867	92752	2927389	2925498	0.0	3101
CP040881.1	CP040881.1	97.257	1859	41	7	856453	858308	167258	169109	0.0	3101
CP040881.1	CP040881.1	96.472	1899	47	9	2925498	2927389	92752	90867	0.0	3101
CP040881.1	CP040881.1	98.938	1884	18	2	2925498	2927379	163167	161284	0.0	3301
CP040881.1	CP040881.1	99.514	1853	9	0	2925498	2927350	169109	167257	0.0	3302
CP040881.1	CP040881.1	95.978	2039	81	1	349711	351748	360477	362515	0.0	3305
CP040881.1	CP040881.1	95.978	2039	81	1	360477	362515	349711	351748	0.0	3305
CP040881.1	CP040881.1	97.483	2066	52	0	2315503	2317568	2340171	2342236	0.0	3492
CP040881.1	CP040881.1	97.483	2066	52	0	2340171	2342236	2315503	2317568	0.0	3492
CP040881.1	CP040881.1	96.797	2841	79	1	1963834	1966662	1979228	1982068	0.0	4720
CP040881.1	CP040881.1	96.797	2841	79	1	1979228	1982068	1963834	1966662	0.0	4720
CP040881.1	CP040881.1	98.050	3230	10	4	169123	172299	858380	861609	0.0	5571
CP040881.1	CP040881.1	98.050	3230	10	4	858380	861609	169123	172299	0.0	5571
CP040881.1	CP040881.1	98.110	3228	8	4	858382	861609	32907	36081	0.0	5577
CP040881.1	CP040881.1	98.110	3228	8	4	858382	861609	11170	14344	0.0	5577
CP040881.1	CP040881.1	98.111	3230	8	4	858380	861609	588900	592076	0.0	5580
CP040881.1	CP040881.1	98.111	3230	8	4	858380	861609	98591	101767	0.0	5580
CP040881.1	CP040881.1	98.111	3230	8	4	858380	861609	92766	95942	0.0	5580
CP040881.1	CP040881.1	96.958	3353	12	6	163181	166480	858380	861695	0.0	5642
CP040881.1	CP040881.1	96.958	3353	12	6	858380	861695	163181	166480	0.0	5642
CP040881.1	CP040881.1	99.906	3178	3	0	11170	14347	2925424	2922247	0.0	5718
CP040881.1	CP040881.1	99.906	3178	3	0	2922247	2925424	36084	32907	0.0	5718
CP040881.1	CP040881.1	99.906	3178	3	0	2922247	2925424	14347	11170	0.0	5718
CP040881.1	CP040881.1	99.937	3177	2	0	163181	166357	2925426	2922250	0.0	5721
CP040881.1	CP040881.1	99.906	3180	3	0	2922247	2925426	172302	169123	0.0	5722
CP040881.1	CP040881.1	99.906	3180	3	0	2922247	2925426	101770	98591	0.0	5722
CP040881.1	CP040881.1	99.969	3178	1	0	32907	36084	92768	95945	0.0	5727
CP040881.1	CP040881.1	100.000	3176	0	0	32907	36082	588902	592077	0.0	5728
CP040881.1	CP040881.1	99.502	3216	10	1	32907	36122	169125	172334	0.0	5729
CP040881.1	CP040881.1	99.502	3216	10	1	169125	172334	32907	36122	0.0	5729
CP040881.1	CP040881.1	99.380	3226	13	1	11170	14395	169125	172343	0.0	5730
CP040881.1	CP040881.1	99.380	3226	13	1	169125	172343	11170	14395	0.0	5730
CP040881.1	CP040881.1	99.876	3219	3	1	11170	14388	98593	101810	0.0	5784
CP040881.1	CP040881.1	99.845	3222	5	0	32907	36128	98593	101814	0.0	5789
CP040881.1	CP040881.1	99.845	3222	5	0	98593	101814	32907	36128	0.0	5789
CP040881.1	CP040881.1	97.606	4052	41	11	92766	96779	2925426	2921393	0.0	6872
CP040881.1	CP040881.1	97.606	4052	41	11	2921393	2925426	96779	92766	0.0	6872
CP040881.1	CP040881.1	97.694	5160	56	11	856453	861609	2927349	2922250	0.0	8777
CP040881.1	CP040881.1	97.694	5160	56	11	2922250	2927349	861609	856453	0.0	8777
CP040881.1	CP040881.1	99.837	4915	8	0	91028	95942	587162	592076	0.0	8828
CP040881.1	CP040881.1	99.837	4915	8	0	587162	592076	91028	95942	0.0	8828
CP040881.1	CP040881.1	99.878	4916	5	1	587162	592077	96854	101768	0.0	8835
CP040881.1	CP040881.1	99.858	4917	7	0	587161	592077	167384	172300	0.0	8836
CP040881.1	CP040881.1	99.858	4924	5	2	96854	101775	161442	166365	0.0	8842
CP040881.1	CP040881.1	99.777	4934	7	2	161441	166371	587161	592093	0.0	8844
CP040881.1	CP040881.1	99.498	4985	19	3	90964	95945	96789	101770	0.0	8870
CP040881.1	CP040881.1	99.606	5081	19	1	161284	166364	167227	172306	0.0	9070
CP040881.1	CP040881.1	99.387	5216	24	4	9179	14390	30915	36126	0.0	9252
CP040881.1	CP040881.1	99.387	5216	24	4	30915	36126	9179	14390	0.0	9252
CP040881.1	CP040881.1	100.000	3929648	0	0	1	3929648	1	3929648	0.0	7.087e+06
