CP079719.1	CP079719.1	71.051	1399	389	12	1935541	1936931	1944003	1945393	0.0	658
CP079719.1	CP079719.1	71.051	1399	389	12	1944003	1945393	1935541	1936931	0.0	658
CP079719.1	CP079719.1	73.616	1084	284	2	2383059	2384141	3774459	3775541	0.0	659
CP079719.1	CP079719.1	73.616	1084	284	2	3774459	3775541	2383059	2384141	0.0	659
CP079719.1	CP079719.1	71.773	1286	359	4	1758691	1759974	1795676	1796959	0.0	669
CP079719.1	CP079719.1	71.773	1286	359	4	1795676	1796959	1758691	1759974	0.0	669
CP079719.1	CP079719.1	69.650	1598	457	8	3116164	3117747	3118280	3119863	0.0	685
CP079719.1	CP079719.1	69.650	1598	457	8	3118280	3119863	3116164	3117747	0.0	685
CP079719.1	CP079719.1	79.690	773	157	0	1263174	1263946	1263498	1264270	0.0	687
CP079719.1	CP079719.1	79.690	773	157	0	1263498	1264270	1263174	1263946	0.0	687
CP079719.1	CP079719.1	69.350	1553	359	14	774520	776045	779686	781148	0.0	698
CP079719.1	CP079719.1	70.564	1454	392	6	774494	775929	779723	781158	0.0	699
CP079719.1	CP079719.1	70.219	1464	355	10	779722	781158	774520	775929	0.0	703
CP079719.1	CP079719.1	78.538	862	185	0	1198069	1198930	2130501	2131362	0.0	721
CP079719.1	CP079719.1	78.538	862	185	0	2130501	2131362	1198069	1198930	0.0	721
CP079719.1	CP079719.1	72.515	1328	351	9	1769628	1770948	2495910	2494590	0.0	722
CP079719.1	CP079719.1	72.515	1328	351	9	2494590	2495910	1770948	1769628	0.0	722
CP079719.1	CP079719.1	78.781	853	181	0	1198078	1198930	2301424	2302276	0.0	723
CP079719.1	CP079719.1	72.451	1314	354	5	1769638	1770950	1783011	1784317	0.0	723
CP079719.1	CP079719.1	72.451	1314	354	5	1783011	1784317	1769638	1770950	0.0	723
CP079719.1	CP079719.1	74.724	1088	243	6	781961	783029	782213	783287	0.0	725
CP079719.1	CP079719.1	74.793	1087	245	6	782213	783280	781961	783037	0.0	725
CP079719.1	CP079719.1	70.163	1535	359	13	779686	781157	774520	776018	0.0	735
CP079719.1	CP079719.1	72.776	1304	343	5	3826369	3827666	3840236	3841533	0.0	740
CP079719.1	CP079719.1	72.776	1304	343	5	3840236	3841533	3826369	3827666	0.0	740
CP079719.1	CP079719.1	79.367	853	176	0	1198078	1198930	2049025	2049877	0.0	746
CP079719.1	CP079719.1	69.835	1641	430	9	774541	776153	779545	781148	0.0	746
CP079719.1	CP079719.1	68.449	1851	449	16	774520	776325	779398	781158	0.0	755
CP079719.1	CP079719.1	72.886	1431	352	13	1800089	1801501	1804520	1805932	0.0	806
CP079719.1	CP079719.1	72.886	1431	352	13	1804520	1805932	1800089	1801501	0.0	806
CP079719.1	CP079719.1	70.192	1721	450	8	779437	781148	774487	776153	0.0	812
CP079719.1	CP079719.1	69.456	1912	503	12	774494	776387	779309	781157	0.0	835
CP079719.1	CP079719.1	69.456	1912	503	12	779309	781157	774494	776387	0.0	835
CP079719.1	CP079719.1	68.585	2120	576	12	779110	781157	774502	776603	0.0	848
CP079719.1	CP079719.1	68.569	2173	593	11	774494	776603	779012	781157	0.0	872
CP079719.1	CP079719.1	64.905	4901	1547	79	1920549	1925364	1932196	1937008	0.0	884
CP079719.1	CP079719.1	64.905	4901	1547	79	1932196	1937008	1920549	1925364	0.0	884
CP079719.1	CP079719.1	74.528	1378	349	2	552093	553469	3301710	3300334	0.0	896
CP079719.1	CP079719.1	74.528	1378	349	2	3300334	3301710	553469	552093	0.0	896
CP079719.1	CP079719.1	69.319	2174	604	8	774547	776675	778984	781139	0.0	935
CP079719.1	CP079719.1	69.319	2174	604	8	778984	781139	774547	776675	0.0	935
CP079719.1	CP079719.1	69.296	2358	614	16	778833	781162	774485	776760	0.0	1016
CP079719.1	CP079719.1	68.974	2427	626	17	774485	776884	778833	781159	0.0	1021
CP079719.1	CP079719.1	77.820	1303	289	0	1197617	1198919	2706567	2705265	0.0	1048
CP079719.1	CP079719.1	77.820	1303	289	0	2705265	2706567	1198919	1197617	0.0	1048
CP079719.1	CP079719.1	68.857	2572	684	17	774529	777019	778624	781159	0.0	1057
CP079719.1	CP079719.1	68.857	2572	684	17	778624	781159	774529	777019	0.0	1057
CP079719.1	CP079719.1	72.319	2005	503	19	1828203	1830168	2220328	2218337	0.0	1076
CP079719.1	CP079719.1	72.319	2005	503	19	2218337	2220328	1830168	1828203	0.0	1076
CP079719.1	CP079719.1	92.838	740	52	1	727825	728563	1198291	1199030	0.0	1093
CP079719.1	CP079719.1	92.838	740	52	1	1198291	1199030	727825	728563	0.0	1093
CP079719.1	CP079719.1	84.857	1017	154	0	1263254	1264270	1263173	1264189	0.0	1141
CP079719.1	CP079719.1	68.992	2738	696	21	774487	777089	778429	781148	0.0	1154
CP079719.1	CP079719.1	68.992	2738	696	21	778429	781148	774487	777089	0.0	1154
CP079719.1	CP079719.1	69.518	2841	765	16	774520	777305	778345	781139	0.0	1239
CP079719.1	CP079719.1	69.518	2841	765	16	778345	781139	774520	777305	0.0	1239
CP079719.1	CP079719.1	69.429	3029	818	21	774520	777530	778201	781139	0.0	1291
CP079719.1	CP079719.1	69.396	3029	819	20	778201	781139	774520	777530	0.0	1291
CP079719.1	CP079719.1	68.150	3281	793	29	774529	777638	777958	781157	0.0	1303
CP079719.1	CP079719.1	68.441	3438	926	27	774529	777936	777850	781158	0.0	1331
CP079719.1	CP079719.1	68.380	3482	888	35	777850	781157	774529	777971	0.0	1351
CP079719.1	CP079719.1	91.020	980	88	0	2130501	2131480	2706115	2705136	0.0	1371
CP079719.1	CP079719.1	91.020	980	88	0	2705136	2706115	2131480	2130501	0.0	1371
CP079719.1	CP079719.1	92.292	986	76	0	2049022	2050007	2706109	2705124	0.0	1436
CP079719.1	CP079719.1	92.292	986	76	0	2705124	2706109	2050007	2049022	0.0	1436
CP079719.1	CP079719.1	95.154	908	35	2	2299777	2300684	3235823	3236721	0.0	1439
CP079719.1	CP079719.1	95.154	908	35	2	3235823	3236721	2299777	2300684	0.0	1439
CP079719.1	CP079719.1	87.471	1309	138	5	1241646	1242953	2992972	2991689	0.0	1623
CP079719.1	CP079719.1	87.471	1309	138	5	2991689	2992972	1242953	1241646	0.0	1623
CP079719.1	CP079719.1	88.025	1286	131	3	1241668	1242953	2349993	2348731	0.0	1633
CP079719.1	CP079719.1	90.696	1193	99	3	2130294	2131480	2301208	2302394	0.0	1649
CP079719.1	CP079719.1	90.696	1193	99	3	2301208	2302394	2130294	2131480	0.0	1649
CP079719.1	CP079719.1	95.739	1056	45	0	2301421	2302476	2706109	2705054	0.0	1702
CP079719.1	CP079719.1	95.739	1056	45	0	2705054	2706109	2302476	2301421	0.0	1702
CP079719.1	CP079719.1	97.248	1199	33	0	2301208	2302406	2048809	2050007	0.0	2014
CP079719.1	CP079719.1	68.258	5321	1398	39	774511	779676	775978	781162	0.0	2068
CP079719.1	CP079719.1	80.976	2376	391	22	2047652	2049995	2129134	2131480	0.0	2204
CP079719.1	CP079719.1	80.976	2376	391	22	2129134	2131480	2047652	2049995	0.0	2204
CP079719.1	CP079719.1	98.559	1388	15	4	2131845	2133230	2302468	2303852	0.0	2400
CP079719.1	CP079719.1	98.559	1388	15	4	2302468	2303852	2131845	2133230	0.0	2400
CP079719.1	CP079719.1	74.159	4280	1005	41	3384116	3388359	3388410	3392624	0.0	2639
CP079719.1	CP079719.1	74.159	4280	1005	41	3388410	3392624	3384116	3388359	0.0	2639
CP079719.1	CP079719.1	68.359	6659	1626	60	774818	781158	774483	780978	0.0	2673
CP079719.1	CP079719.1	97.225	1766	49	0	1985762	1987527	2009622	2011387	0.0	2965
CP079719.1	CP079719.1	97.225	1766	49	0	2009622	2011387	1985762	1987527	0.0	2965
CP079719.1	CP079719.1	99.245	1722	5	1	9270	10983	900647	902368	0.0	3050
CP079719.1	CP079719.1	99.245	1722	5	1	900647	902368	9270	10983	0.0	3050
CP079719.1	CP079719.1	99.592	1714	6	1	9270	10983	631312	633024	0.0	3057
CP079719.1	CP079719.1	99.592	1714	7	0	9270	10983	3096971	3095258	0.0	3060
CP079719.1	CP079719.1	99.081	1741	13	2	9245	10983	86078	87817	0.0	3062
CP079719.1	CP079719.1	99.081	1741	13	2	86078	87817	9245	10983	0.0	3062
CP079719.1	CP079719.1	99.024	1742	8	2	86099	87832	900642	902382	0.0	3065
CP079719.1	CP079719.1	99.024	1742	8	2	900642	902382	86099	87832	0.0	3065
CP079719.1	CP079719.1	99.082	1743	6	3	631306	633039	900641	902382	0.0	3067
CP079719.1	CP079719.1	99.082	1743	6	3	900641	902382	631306	633039	0.0	3067
CP079719.1	CP079719.1	99.479	1727	8	1	9270	10995	168905	170631	0.0	3071
CP079719.1	CP079719.1	99.479	1727	8	1	168905	170631	9270	10995	0.0	3071
CP079719.1	CP079719.1	98.973	1753	15	2	9233	10983	91951	93702	0.0	3075
CP079719.1	CP079719.1	98.973	1753	15	2	91951	93702	9233	10983	0.0	3075
CP079719.1	CP079719.1	99.537	1727	7	1	9270	10995	162968	164694	0.0	3076
CP079719.1	CP079719.1	99.196	1742	5	2	900642	902382	91984	93717	0.0	3078
CP079719.1	CP079719.1	99.032	1756	7	3	900629	902382	3096990	3095243	0.0	3086
CP079719.1	CP079719.1	99.032	1756	7	3	3095243	3096990	902382	900629	0.0	3086
CP079719.1	CP079719.1	99.768	1726	3	1	631306	633030	162962	164687	0.0	3092
CP079719.1	CP079719.1	99.826	1726	2	1	631306	633030	168899	170624	0.0	3096
CP079719.1	CP079719.1	98.329	1795	17	4	86034	87823	168838	170624	0.0	3096
CP079719.1	CP079719.1	98.329	1795	17	4	168838	170624	86034	87823	0.0	3096
CP079719.1	CP079719.1	98.440	1795	15	4	86034	87823	162901	164687	0.0	3105
CP079719.1	CP079719.1	98.549	1792	21	3	91918	93708	162900	164687	0.0	3106
CP079719.1	CP079719.1	98.549	1792	21	3	162900	164687	91918	93708	0.0	3106
CP079719.1	CP079719.1	98.662	1794	19	3	91916	93708	168835	170624	0.0	3119
CP079719.1	CP079719.1	98.662	1794	19	3	168835	170624	91916	93708	0.0	3119
CP079719.1	CP079719.1	99.044	1883	17	1	162805	164687	3097133	3095252	0.0	3312
CP079719.1	CP079719.1	99.044	1883	17	1	3095252	3097133	164687	162805	0.0	3312
CP079719.1	CP079719.1	99.676	1853	6	0	3095252	3097104	170624	168772	0.0	3315
CP079719.1	CP079719.1	96.212	2033	76	1	355726	357758	366494	368525	0.0	3316
CP079719.1	CP079719.1	96.212	2033	76	1	366494	368525	355726	357758	0.0	3316
CP079719.1	CP079719.1	95.988	2069	80	1	2481258	2483326	2505933	2507998	0.0	3356
CP079719.1	CP079719.1	95.988	2069	80	1	2505933	2507998	2481258	2483326	0.0	3356
CP079719.1	CP079719.1	99.843	3175	5	0	93782	96956	902369	905543	0.0	5704
CP079719.1	CP079719.1	99.843	3175	5	0	902369	905543	93782	96956	0.0	5704
CP079719.1	CP079719.1	99.874	3175	4	0	902369	905543	11179	14353	0.0	5708
CP079719.1	CP079719.1	99.906	3175	3	0	902369	905543	633104	636278	0.0	5713
CP079719.1	CP079719.1	99.906	3175	3	0	902369	905543	87897	91071	0.0	5713
CP079719.1	CP079719.1	99.906	3178	3	0	93780	96957	170638	173815	0.0	5718
CP079719.1	CP079719.1	99.906	3178	3	0	170638	173815	93780	96957	0.0	5718
CP079719.1	CP079719.1	99.937	3176	2	0	11179	14354	3095178	3092003	0.0	5719
CP079719.1	CP079719.1	99.937	3176	2	0	11179	14354	164703	167878	0.0	5719
CP079719.1	CP079719.1	99.937	3176	2	0	3092003	3095178	14354	11179	0.0	5719
CP079719.1	CP079719.1	99.969	3176	1	0	11179	14354	633104	636279	0.0	5724
CP079719.1	CP079719.1	99.969	3178	1	0	93780	96957	164701	167878	0.0	5727
CP079719.1	CP079719.1	99.969	3178	1	0	11179	14356	87897	91074	0.0	5727
CP079719.1	CP079719.1	99.969	3178	1	0	87897	91074	11179	14356	0.0	5727
CP079719.1	CP079719.1	99.937	3181	2	0	170638	173818	3095180	3092000	0.0	5728
CP079719.1	CP079719.1	99.937	3181	2	0	3092000	3095180	173818	170638	0.0	5728
CP079719.1	CP079719.1	99.937	3181	2	0	87895	91075	164701	167881	0.0	5728
CP079719.1	CP079719.1	99.937	3181	2	0	164701	167881	87895	91075	0.0	5728
CP079719.1	CP079719.1	99.812	3194	3	1	87895	91085	170638	173831	0.0	5732
CP079719.1	CP079719.1	99.812	3194	3	1	170638	173831	87895	91085	0.0	5732
CP079719.1	CP079719.1	99.937	3185	2	0	170638	173822	633102	636286	0.0	5735
CP079719.1	CP079719.1	99.843	3194	2	1	164701	167891	633102	636295	0.0	5736
CP079719.1	CP079719.1	99.843	3194	2	1	633102	636295	164701	167891	0.0	5736
CP079719.1	CP079719.1	98.636	3298	8	2	902369	905629	3095178	3091881	0.0	5770
CP079719.1	CP079719.1	98.636	3298	8	2	3091881	3095178	905629	902369	0.0	5770
CP079719.1	CP079719.1	99.876	3219	4	0	11179	14397	93782	97000	0.0	5788
CP079719.1	CP079719.1	99.876	3219	4	0	93782	97000	11179	14397	0.0	5788
CP079719.1	CP079719.1	99.650	3995	12	2	164701	168693	3095180	3091186	0.0	7135
CP079719.1	CP079719.1	99.650	3995	12	2	3091186	3095180	168693	164701	0.0	7135
CP079719.1	CP079719.1	99.251	4937	7	3	900629	905543	168886	173814	0.0	8751
CP079719.1	CP079719.1	98.478	5060	10	5	900629	905629	162949	168000	0.0	8817
CP079719.1	CP079719.1	99.839	4977	7	1	86099	91075	631307	636282	0.0	8936
CP079719.1	CP079719.1	99.839	4977	7	1	631307	636282	86099	91075	0.0	8936
CP079719.1	CP079719.1	99.920	4974	3	1	631307	636279	91984	96957	0.0	8949
CP079719.1	CP079719.1	99.425	5043	24	3	91916	96957	3097041	3092003	0.0	8955
CP079719.1	CP079719.1	98.604	5157	39	9	85939	91075	3097143	3092000	0.0	8965
CP079719.1	CP079719.1	98.604	5157	39	9	3092000	3097143	91075	85939	0.0	8965
CP079719.1	CP079719.1	100.000	4053089	0	0	1	4053089	1	4053089	0.0	7.309e+06
